20170101
20210930
119.5
121.3
123.1
124.9
126.6
128.3
129.8
131.2
133.1
134.9
136.5
138.5
140.1
141.6
143.1
144.6
146.5
147.8
149.4
150.5
151.8
153.6
155.7
157.1
158.4
159.6
160.6
161.9
163.0
164.1
165.3
166.8
167.6
168.6
169.9
171.0
171.7
172.5
173.1
173.8
174.6
175.1
176.1
177.0
177.6
178.2
179.0
179.8
180.0
180.7
181.5
182.0
182.4
182.7
182.9
183.3
183.7
184.0
184.1
184.4
184.7
184.7
185.5
185.9
186.2
185.9
185.7
185.9
186.1
186.7
187.5
187.7
187.9
188.2
188.2
188.2
188.2
188.3
188.2
187.8
187.8
187.8
187.8
188.0
187.8
187.9
187.9
187.6
187.6
187.7
187.6
187.6
187.3
187.4
187.6
187.6
187.6
187.6
187.6
187.6
187.6
187.6
187.6
187.6
187.6
187.6
187.6
187.6
187.6
187.6
187.6
187.6
187.6
187.6
187.6
187.6
187.6
187.6
187.6
187.6
187.6
187.6
187.6
187.6
187.6
187.6
187.6
187.6
187.6
187.6
187.6
187.6
187.6
187.6
187.6
187.6
187.6
187.6
187.6
187.6
187.6
187.6
187.6
187.6
187.6
187.6
187.6
187.6
187.6
187.6
187.6
187.6
187.6
187.6
187.6
187.6
187.6
187.6
187.6
187.6
187.6
187.6
187.6
187.6
187.6
187.6
187.6
187.6
187.6
187.6
187.6
187.6
187.6
187.6
187.6
187.6
187.6
187.6
187.6
187.6
187.6
187.6
187.6
187.6
187.6
187.6
187.6
187.6
187.6
187.6
187.6
187.6
187.6
187.6
0.0
0.0
0.0
0.0
0.0
0.0
0.0
0.0
0.0
0.0
0.0
0.0
0.0
0.0
0.0
0.0
0.0
0.0
0.0
0.0
0.0
0.0
0.0
0.0
0.0
0.0
0.0
0.0
0.0
0.0
0.0
0.0
0.0
0.0
0.0
0.0
0.0
0.0
0.0
0.0
0.0
0.0
0.0
0.0
0.0
0.0
0.0
0.0
0.0
0.0
0.0
0.0
0.0
0.0
0.0
0.0
0.0
0.0
0.0
0.0
0.0
0.0
0.0
0.0
0.0
0.0
0.0
0.0
0.0
0.0
0.0
0.0
0.0
0.0
0.0
0.0
0.0
0.0
0.0
0.0
0.0
0.0
0.0
0.0
0.0
0.0
0.0
0.0
0.0
0.0
0.0
0.0
0.0
0.0
0.0
0.0
0.0
0.0
0.0
0.0
0.0
0.0
0.0
0.0
0.0
0.0
0.0
0.0
0.0
0.0
0.0
7.7
9.6
11.2
12.4
13.8
14.7
16.0
16.8
18.4
19.7
20.9
22.6
24.6
26.1
27.2
28.4
30.4
32.2
33.5
35.1
36.3
37.6
38.5
39.9
41.3
42.4
43.7
44.9
46.1
47.5
49.7
52.1
54.5
56.9
59.1
61.1
62.6
64.2
66.5
68.5
70.6
72.7
74.9
76.6
78.0
79.3
80.9
83.0
85.5
87.6
90.0
91.7
93.2
94.7
96.8
99.0
101.2
102.9
104.8
106.4
107.9
109.4
110.6
112.0
113.1
114.0
115.5
116.9
118.0
119.0
120.6
122.1
123.6
124.9
126.0
127.2
128.5
129.8
131.3
132.9
134.3
135.7
137.3
138.5
139.8
141.2
142.8
144.3
145.9
147.4
148.8
150.0
151.4
152.9
154.2
155.5
156.8
158.1
159.2
160.4
161.6
162.7
163.8
164.7
165.6
167.0
168.1
169.2
170.0
170.9
171.5
172.5
173.2
173.8
174.3
174.8
175.0
175.1
175.1
175.5
175.7
176.2
176.7
177.4
177.9
178.3
178.6
178.4
178.8
179.6
180.3
180.4
181.3
181.8
181.6
182.1
181.8
182.1
181.8
181.8
181.9
181.5
181.4
180.9
180.7
180.5
180.3
180.4
180.4
179.7
179.5
179.5
179.5
179.5
179.5
179.5
179.5
179.5
179.5
179.5
179.5
179.5
179.5
179.5
179.5
179.5
179.5
179.5
179.5
179.5
179.5
179.5
179.5
179.5
179.5
179.5
179.5
179.5
179.5
179.5
179.5
179.5
179.5
179.5
179.5
179.5
179.5
179.5
179.5
179.5
179.5
179.5
179.5
179.5
179.5
179.5
179.5
179.5
179.5
179.5
179.5
179.5
179.5
179.5
179.5
179.5
179.5
179.5
179.5
179.5
179.5
179.5
179.5
179.5
179.5
179.5
179.5
179.5
179.5
179.5
179.5
179.5
179.5
179.5
179.5
179.5
179.5
0.0
0.0
0.0
0.0
0.0
0.0
0.0
0.0
0.0
0.0
0.0
0.0
0.0
0.0
0.0
0.0
0.0
0.0
0.0
0.0
0.0
0.0
0.0
0.0
0.0
0.0
0.0
0.0
0.0
0.0
0.0
0.0
0.0
0.0
0.0
0.0
0.0
0.0
0.0
0.0
0.0
0.0
0.0
0.0
0.0
0.0
0.0
0.0
0.0
0.0
0.0
0.0
0.0
0.0
0.0
0.0
0.0
0.0
0.0
0.0
0.0
0.0
0.0
0.0
0.0
0.0
0.0
0.0
0.0
0.0
0.0
0.0
0.0
0.0
0.0
0.0
0.0
0.0
0.0
0.0
0.0
0.0
0.0
0.0
0.0
0.0
0.0
0.0
0.0
0.0
0.0
0.0
0.0
0.0
0.0
0.0
0.0
0.0
0.0
0.0
0.0
0.0
0.0
0.0
0.0
0.0
0.0
0.0
0.0
0.0
0.0
0.0
0.0
0.0
0.0
0.0
0.0
0.0
0.0
0.0
0.0
0.0
0.0
0.0
0.0
0.0
0.0
0.0
0.0
0.0
0.0
0.0
0.0
0.0
0.0
8.4
11.6
13.6
14.8
15.8
16.7
17.9
19.1
20.3
22.1
23.7
24.8
26.7
28.7
30.6
31.7
32.5
33.6
35.2
37.7
40.4
42.9
45.6
48.3
49.8
53.3
55.3
57.5
59.3
61.2
62.6
63.6
63.9
64.6
66.1
69.2
71.0
74.1
75.5
77.6
79.8
81.7
83.6
85.4
87.3
89.1
90.8
92.5
94.2
95.9
97.5
99.1
100.7
102.2
103.8
104.7
106.4
108.3
110.4
111.9
113.7
115.8
117.7
119.5
121.3
123.1
124.9
126.6
128.3
129.8
131.2
133.1
134.9
136.5
138.5
140.1
141.6
143.1
144.6
146.5
147.8
149.4
150.5
151.8
153.6
155.7
157.1
158.4
159.6
160.6
161.9
163.0
164.1
165.3
166.8
167.6
168.6
169.9
171.0
171.7
172.5
173.1
173.8
174.6
175.1
176.1
177.0
177.6
178.2
179.0
179.8
180.0
180.7
181.5
182.0
182.4
182.7
182.9
183.3
183.7
184.0
184.1
184.4
184.7
184.7
185.5
185.9
186.2
185.9
185.7
185.9
186.1
186.7
187.5
187.7
187.9
188.2
188.2
188.2
188.2
188.3
188.2
187.8
187.8
187.8
187.8
188.0
187.8
187.9
187.9
187.6
187.6
187.7
187.6
187.6
187.3
187.4
187.6
187.6
187.6
187.6
187.6
187.6
187.6
187.6
187.6
187.6
187.6
187.6
187.6
187.6
187.6
187.6
187.6
187.6
187.6
187.6
187.6
187.6
187.6
187.6
187.6
187.6
187.6
187.6
187.6
187.6
187.6
187.6
187.6
187.6
187.6
187.6
187.6
187.6
187.6
187.6
187.6
187.6
187.6
187.6
187.6
187.6
187.6
187.6
187.6
187.6
187.6
187.6
187.6
187.6
187.6
187.6
187.6
187.6
187.6
187.6
187.6
187.6
187.6
187.6
187.6
187.6
187.6
187.6
187.6
187.6
187.6
187.6
187.6
187.6
187.6
187.6
187.6
187.6
187.6
187.6
187.6
187.6
187.6
187.6
187.6
187.6
187.6
187.6
187.6
187.6
187.6
187.6
187.6
187.6
187.6
187.6
187.6
187.6
187.6
187.6
0.0
0.0
0.0
0.0
0.0
0.0
0.0
0.0
0.0
0.0
0.0
0.0
0.0
0.0
0.0
0.0
0.0
0.0
0.0
0.0
0.0
0.0
0.0
0.0
0.0
0.0
0.0
0.0
0.0
0.0
0.0
0.0
0.0
0.0
0.0
0.0
0.0
0.0
0.0
0.0
0.0
0.0
0.0
0.0
0.0
0.0
0.0
0.0
0.0
0.0
0.0
0.0
0.0
0.0
0.0
0.0
0.0
0.0
0.0
0.0
0.0
0.0
0.0
0.0
0.0
0.0
0.0
0.0
0.0
0.0
0.0
0.0
0.0
0.0
0.0
0.0
0.0
0.0
0.0
0.0
0.0
0.0
0.0
0.0
0.0
0.0
0.0
0.0
0.0
0.0
0.0
0.0
0.0
0.0
0.0
0.0
0.0
0.0
0.0
0.0
0.0
0.0
0.0
0.0
0.0
0.0
0.0
0.0
0.0
0.0
0.0
7.7
9.6
11.2
12.4
13.8
14.7
16.0
16.8
18.4
19.7
20.9
22.6
24.6
26.1
27.2
28.4
30.4
32.2
33.5
35.1
36.3
37.6
38.5
39.9
41.3
42.4
43.7
44.9
46.1
47.5
49.7
52.1
54.5
56.9
59.1
61.1
62.6
64.2
66.5
68.5
70.6
72.7
74.9
76.6
78.0
79.3
80.9
83.0
85.5
87.6
90.0
91.7
93.2
94.7
96.8
99.0
101.2
102.9
104.8
106.4
107.9
109.4
110.6
112.0
113.1
114.0
115.5
116.9
118.0
119.0
120.6
122.1
123.6
124.9
126.0
127.2
128.5
129.8
131.3
132.9
134.3
135.7
137.3
138.5
139.8
141.2
142.8
144.3
145.9
147.4
148.8
150.0
151.4
152.9
154.2
155.5
156.8
158.1
159.2
160.4
161.6
162.7
163.8
164.7
165.6
167.0
168.1
169.2
170.0
170.9
171.5
172.5
173.2
173.8
174.3
174.8
175.0
175.1
175.1
175.5
175.7
176.2
176.7
177.4
177.9
178.3
178.6
178.4
178.8
179.6
180.3
180.4
181.3
181.8
181.6
182.1
181.8
182.1
181.8
181.8
181.9
181.5
181.4
180.9
180.7
180.5
180.3
180.4
180.4
179.7
179.5
179.5
179.5
179.5
179.5
179.5
179.5
179.5
179.5
179.5
179.5
179.5
179.5
179.5
179.5
179.5
179.5
179.5
179.5
179.5
179.5
179.5
179.5
179.5
179.5
179.5
179.5
179.5
179.5
179.5
179.5
179.5
179.5
179.5
179.5
179.5
179.5
179.5
179.5
179.5
179.5
179.5
179.5
179.5
179.5
179.5
179.5
179.5
179.5
179.5
179.5
179.5
179.5
179.5
179.5
179.5
179.5
179.5
179.5
179.5
179.5
179.5
179.5
179.5
179.5
179.5
179.5
179.5
179.5
179.5
179.5
179.5
179.5
179.5
179.5
179.5
179.5
179.5
179.5
179.5
179.5
179.5
179.5
179.5
179.5
179.5
179.5
179.5
179.5
179.5
179.5
179.5
179.5
179.5
179.5
179.5
179.5
179.5
179.5
179.5
179.5
179.5
179.5
179.5
179.5
0.0
0.0
0.0
0.0
0.0
0.0
0.0
0.0
0.0
0.0
0.0
0.0
0.0
0.0
0.0
0.0
0.0
0.0
0.0
0.0
0.0
0.0
0.0
0.0
0.0
0.0
0.0
0.0
0.0
0.0
0.0
0.0
0.0
0.0
0.0
0.0
0.0
0.0
0.0
0.0
0.0
0.0
0.0
0.0
0.0
0.0
0.0
0.0
0.0
0.0
0.0
0.0
0.0
0.0
0.0
0.0
0.0
0.0
0.0
0.0
0.0
0.0
0.0
0.0
0.0
0.0
0.0
0.0
0.0
0.0
0.0
0.0
0.0
0.0
0.0
0.0
0.0
0.0
0.0
0.0
0.0
0.0
0.0
0.0
0.0
0.0
0.0
0.0
0.0
0.0
0.0
0.0
0.0
0.0
0.0
0.0
0.0
0.0
0.0
0.0
0.0
0.0
0.0
0.0
0.0
0.0
0.0
0.0
0.0
0.0
0.0
0.0
0.0
0.0
0.0
0.0
0.0
0.0
0.0
0.0
11.7
14.3
16.0
17.7
19.2
20.8
22.1
23.4
25.1
26.0
27.2
28.7
30.7
32.3
33.5
35.0
36.4
38.1
39.9
41.6
43.1
45.3
47.4
49.1
51.2
53.3
54.9
56.8
58.6
60.2
61.5
62.6
64.0
65.7
67.5
69.1
70.8
72.8
75.1
78.2
81.1
83.7
86.0
88.5
90.9
93.2
95.4
97.7
99.8
102.1
104.2
106.4
108.6
110.9
112.9
114.9
117.1
119.2
121.3
123.1
124.8
127.0
128.9
130.8
132.5
134.0
135.4
137.3
139.0
140.7
142.3
143.8
145.1
146.6
148.2
149.0
150.4
151.8
153.4
155.1
156.7
157.9
159.4
160.9
162.5
163.5
164.2
165.3
166.5
167.5
168.4
169.4
169.9
170.5
170.8
171.7
172.6
173.5
174.5
175.4
176.4
177.3
177.9
178.4
178.9
179.1
179.0
178.5
178.4
178.6
178.8
179.1
179.6
180.4
180.7
180.9
181.0
181.5
182.0
182.0
182.0
182.2
182.3
182.2
181.5
181.3
181.2
181.1
180.8
180.4
180.5
180.8
180.9
180.7
180.6
180.3
180.1
180.0
180.0
179.8
179.9
179.7
179.8
179.8
179.8
179.8
179.8
179.8
179.8
179.8
179.8
179.8
179.8
179.8
179.8
179.8
179.8
179.8
179.8
179.8
179.8
179.8
179.8
179.8
179.8
179.8
179.8
179.8
179.8
179.8
179.8
179.8
179.8
179.8
179.8
179.8
179.8
179.8
179.8
179.8
179.8
179.8
179.8
179.8
179.8
179.8
179.8
179.8
179.8
179.8
179.8
179.8
179.8
179.8
179.8
179.8
179.8
179.8
179.8
179.8
179.8
179.8
179.8
179.8
179.8
179.8
179.8
179.8
179.8
179.8
179.8
179.8
179.8
179.8
179.8
179.8
179.8
179.8
179.8
179.8
179.8
179.8
179.8
179.8
179.8
179.8
179.8
179.8
179.8
179.8
179.8
179.8
179.8
179.8
179.8
179.8
179.8
179.8
179.8
179.8
179.8
179.8
179.8
179.8
0.0
0.0
0.0
0.0
0.0
0.0
0.0
0.0
0.0
0.0
0.0
0.0
0.0
0.0
0.0
0.0
0.0
0.0
0.0
0.0
0.0
0.0
0.0
0.0
0.0
0.0
0.0
0.0
0.0
0.0
0.0
0.0
0.0
0.0
0.0
0.0
0.0
0.0
0.0
0.0
0.0
0.0
0.0
0.0
0.0
0.0
0.0
0.0
0.0
0.0
0.0
0.0
0.0
0.0
0.0
0.0
0.0
0.0
0.0
0.0
0.0
0.0
0.0
0.0
0.0
0.0
0.0
0.0
0.0
0.0
0.0
0.0
0.0
0.0
0.0
0.0
0.0
0.0
0.0
0.0