20170101
20210930
0.0000E+00
0.0000E+00
0.0000E+00
0.0000E+00
0.0000E+00
0.0000E+00
0.0000E+00
0.0000E+00
0.0000E+00
0.0000E+00
0.0000E+00
0.0000E+00
0.0000E+00
0.0000E+00
0.0000E+00
0.0000E+00
0.0000E+00
0.0000E+00
0.0000E+00
0.0000E+00
0.0000E+00
0.0000E+00
0.0000E+00
0.0000E+00
0.0000E+00
0.0000E+00
0.0000E+00
0.0000E+00
0.0000E+00
0.0000E+00
0.0000E+00
0.0000E+00
0.0000E+00
0.0000E+00
0.0000E+00
0.0000E+00
0.0000E+00
0.0000E+00
0.0000E+00
0.0000E+00
0.0000E+00
0.0000E+00
0.0000E+00
0.0000E+00
0.0000E+00
0.0000E+00
0.0000E+00
0.0000E+00
0.0000E+00
0.0000E+00
0.0000E+00
0.0000E+00
0.0000E+00
0.0000E+00
0.0000E+00
0.0000E+00
0.0000E+00
0.0000E+00
0.0000E+00
0.0000E+00
0.0000E+00
0.0000E+00
0.0000E+00
0.0000E+00
0.0000E+00
0.0000E+00
0.0000E+00
0.0000E+00
0.0000E+00
0.0000E+00
0.0000E+00
0.0000E+00
0.0000E+00
0.0000E+00
0.0000E+00
0.0000E+00
0.0000E+00
0.0000E+00
0.0000E+00
0.0000E+00
0.0000E+00
0.0000E+00
0.0000E+00
0.0000E+00
0.0000E+00
0.0000E+00
0.0000E+00
0.0000E+00
0.0000E+00
0.0000E+00
0.0000E+00
0.0000E+00
0.0000E+00
0.0000E+00
0.0000E+00
0.0000E+00
0.0000E+00
0.0000E+00
0.0000E+00
0.0000E+00
0.0000E+00
0.0000E+00
0.0000E+00
0.0000E+00
0.0000E+00
0.0000E+00
0.0000E+00
0.0000E+00
0.0000E+00
0.0000E+00
0.0000E+00
0.0000E+00
0.0000E+00
0.0000E+00
0.0000E+00
0.0000E+00
0.0000E+00
0.0000E+00
0.0000E+00
0.0000E+00
1.4208E-01
1.1271E-01
1.5233E-01
1.2979E-01
1.1520E-01
1.2481E-01
1.4150E-01
1.6786E-01
1.1626E-01
1.0730E-01
1.1403E-01
1.2053E-01
1.8275E-01
1.8201E-01
1.2190E-01
2.6736E-01
3.1465E-01
2.9901E-01
3.0034E-01
2.5430E-01
1.0111E-01
2.3728E-01
4.0398E-01
4.8117E-01
1.5194E-01
1.6658E-01
2.2555E-01
2.6756E-01
2.7084E-01
3.1956E-01
3.3824E-01
4.1380E-01
3.8059E-01
3.4321E-01
3.7063E-01
3.3559E-01
3.6752E-01
1.9953E-01
3.1714E-01
3.6762E-01
3.8951E-01
4.0434E-01
4.9380E-01
5.0266E-01
4.8023E-01
4.1380E-01
4.2917E-01
5.1109E-01
4.9174E-01
5.3625E-01
6.9190E-01
7.5422E-01
6.6795E-01
5.5901E-01
6.6146E-01
7.8428E-01
9.3048E-01
1.1222E+00
9.3878E-01
9.5393E-01
9.3183E-01
4.7293E-01
8.9907E-01
5.7556E-01
7.8084E-01
9.4954E-01
7.6450E-01
4.8563E-01
7.8416E-01
8.8864E-01
8.3568E-01
8.7959E-01
8.6270E-01
9.3037E-01
7.4982E-01
9.7698E-01
9.2366E-01
9.0592E-01
5.5343E-01
9.0523E-01
8.3842E-01
9.5041E-01
7.6232E-01
7.8188E-01
8.9281E-01
1.0833E+00
9.4012E-01
1.1818E+00
4.5414E-01
1.1495E+00
1.0051E+00
1.1007E+00
9.0673E-01
1.0011E+00
8.2516E-01
9.6221E-01
8.8369E-01
1.0498E+00
1.0028E+00
8.0535E-01
9.6721E-01
8.0845E-01
9.2166E-01
9.0536E-01
9.5247E-01
8.3080E-01
8.5420E-01
7.9777E-01
9.7339E-01
9.6884E-01
6.4748E-01
6.4190E-01
8.9169E-01
8.9295E-01
7.1168E-01
7.6816E-01
7.7862E-01
7.8582E-01
7.5418E-01
7.6165E-01
7.7148E-01
8.0977E-01
6.7347E-01
7.3587E-01
6.4769E-01
6.7443E-01
7.1158E-01
7.9606E-01
7.0661E-01
8.1664E-01
5.7798E-01
6.5397E-01
5.2871E-01
6.4542E-01
4.9633E-01
5.2766E-01
6.3112E-01
5.7834E-01
5.9819E-01
4.7384E-01
3.4901E-01
4.6797E-01
3.4364E-01
2.7213E-01
3.5172E-01
3.7430E-01
3.0981E-01
2.8476E-01
2.2671E-01
2.0637E-01
2.4108E-01
2.1818E-01
2.3270E-01
1.8645E-01
2.0935E-01
1.0227E-01
1.5366E-01
2.3167E-01
2.4920E-01
2.2121E-01
1.9770E-01
1.5866E-01
1.2734E-01
1.0331E-01
1.3326E-01
9.8608E-02
9.0856E-02
9.3726E-02
1.3463E-01
4.9810E-02
6.2747E-02
3.5055E-02
6.5212E-02
4.7985E-02
4.4105E-02
4.6660E-02
5.9308E-02
4.9172E-02
6.4304E-02
2.7724E-02
4.8574E-02
5.8601E-02
6.3676E-02
1.7831E-02
0.0000E+00
0.0000E+00
0.0000E+00
0.0000E+00
0.0000E+00
0.0000E+00
0.0000E+00
0.0000E+00
0.0000E+00
0.0000E+00
0.0000E+00
0.0000E+00
0.0000E+00
0.0000E+00
0.0000E+00
0.0000E+00
0.0000E+00
0.0000E+00
0.0000E+00
0.0000E+00
0.0000E+00
0.0000E+00
0.0000E+00
0.0000E+00
0.0000E+00
0.0000E+00
0.0000E+00
0.0000E+00
0.0000E+00
0.0000E+00
0.0000E+00
0.0000E+00
0.0000E+00
0.0000E+00
0.0000E+00
0.0000E+00
0.0000E+00
0.0000E+00
0.0000E+00
0.0000E+00
0.0000E+00
0.0000E+00
0.0000E+00
0.0000E+00
0.0000E+00
0.0000E+00
0.0000E+00
0.0000E+00
0.0000E+00
0.0000E+00
0.0000E+00
0.0000E+00
0.0000E+00
0.0000E+00
0.0000E+00
0.0000E+00
0.0000E+00
0.0000E+00
0.0000E+00
0.0000E+00
0.0000E+00
0.0000E+00
0.0000E+00
0.0000E+00
0.0000E+00
0.0000E+00
0.0000E+00
0.0000E+00
0.0000E+00
0.0000E+00
0.0000E+00
0.0000E+00
0.0000E+00
0.0000E+00
0.0000E+00
0.0000E+00
0.0000E+00
0.0000E+00
0.0000E+00
0.0000E+00
0.0000E+00
0.0000E+00
0.0000E+00
0.0000E+00
0.0000E+00
0.0000E+00
0.0000E+00
0.0000E+00
0.0000E+00
0.0000E+00
0.0000E+00
0.0000E+00
0.0000E+00
0.0000E+00
0.0000E+00
0.0000E+00
0.0000E+00
0.0000E+00
0.0000E+00
0.0000E+00
0.0000E+00
0.0000E+00
0.0000E+00
0.0000E+00
0.0000E+00
0.0000E+00
0.0000E+00
0.0000E+00
0.0000E+00
0.0000E+00
0.0000E+00
0.0000E+00
0.0000E+00
0.0000E+00
0.0000E+00
0.0000E+00
0.0000E+00
0.0000E+00
0.0000E+00
0.0000E+00
0.0000E+00
0.0000E+00
0.0000E+00
0.0000E+00
0.0000E+00
0.0000E+00
0.0000E+00
0.0000E+00
0.0000E+00
0.0000E+00
0.0000E+00
0.0000E+00
0.0000E+00
0.0000E+00
0.0000E+00
0.0000E+00
0.0000E+00
0.0000E+00
0.0000E+00
0.0000E+00
0.0000E+00
0.0000E+00
0.0000E+00
0.0000E+00
0.0000E+00
0.0000E+00
0.0000E+00
0.0000E+00
0.0000E+00
0.0000E+00
0.0000E+00
0.0000E+00
0.0000E+00
0.0000E+00
0.0000E+00
0.0000E+00
0.0000E+00
0.0000E+00
0.0000E+00
0.0000E+00
0.0000E+00
0.0000E+00
0.0000E+00
0.0000E+00
0.0000E+00
0.0000E+00
0.0000E+00
0.0000E+00
0.0000E+00
0.0000E+00
0.0000E+00
0.0000E+00
0.0000E+00
0.0000E+00
0.0000E+00
0.0000E+00
0.0000E+00
0.0000E+00
0.0000E+00
0.0000E+00
0.0000E+00
0.0000E+00
4.7522E-02
3.0933E-02
9.9865E-02
1.2786E-01
2.3503E-01
2.3074E-01
1.7944E-01
1.3829E-01
9.9876E-02
1.4346E-01
1.0757E-01
2.1992E-01
1.3576E-01
2.0644E-01
2.3631E-01
1.9874E-01
2.2383E-01
3.8538E-01
1.5176E-01
3.3864E-01
3.2131E-01
4.4157E-01
4.2025E-01
4.2218E-01
3.2606E-01
3.6065E-01
2.8968E-01
2.8389E-01
4.2793E-01
4.0881E-01
5.2937E-01
6.3789E-01
3.9698E-01
5.5373E-01
4.4600E-01
6.5269E-01
4.7896E-01
4.8662E-01
7.6574E-01
7.1326E-01
6.3148E-01
6.5399E-01
8.4556E-01
7.8561E-01
8.9365E-01
7.1419E-01
4.8796E-01
4.5971E-01
6.4767E-01
5.5273E-01
7.4614E-01
7.4816E-01
6.7710E-01
6.1299E-01
5.1610E-01
7.8099E-01
8.5744E-01
8.1721E-01
8.1148E-01
7.9309E-01
2.8609E-01
7.7855E-01
3.6691E-01
8.5532E-01
9.0727E-01
6.7649E-01
4.0984E-01
7.1857E-01
9.0192E-01
8.9641E-01
9.2018E-01
8.8476E-01
8.6104E-01
8.7947E-01
9.2706E-01
9.2286E-01
8.7720E-01
6.1067E-01
8.7714E-01
9.1075E-01
9.6783E-01
8.8158E-01
9.6857E-01
8.5522E-01
8.8081E-01
1.0549E+00
1.2097E+00
1.1742E+00
1.2017E+00
1.1334E+00
1.0462E+00
1.0643E+00
7.5867E-01
9.0855E-01
9.0083E-01
1.0120E+00
8.5462E-01
7.4488E-01
8.1858E-01
1.0153E+00
8.6117E-01
7.6068E-01
1.0375E+00
9.7739E-01
8.2809E-01
4.9743E-01
3.8688E-01
4.6276E-01
5.4460E-01
5.5318E-01
3.5183E-01
5.2827E-01
4.7331E-01
5.4382E-01
3.2234E-01
4.6045E-01
4.6727E-01
4.7598E-01
4.9960E-01
3.9690E-01
3.9350E-01
3.0262E-01
4.4753E-01
3.5884E-01
4.3663E-01
2.2854E-01
2.6474E-01
3.4267E-01
4.0315E-01
3.8260E-01
3.5102E-01
3.1132E-01
3.3768E-01
3.3444E-01
2.5713E-01
1.3383E-01
3.0790E-01
2.7910E-01
2.4393E-01
3.8240E-01
4.5415E-01
4.2776E-01
3.6124E-01
3.3047E-01
3.8382E-01
3.1387E-01
3.2561E-01
2.3382E-01
2.3977E-01
1.9325E-01
1.8088E-01
1.7131E-01
1.6695E-01
1.9132E-01
1.7297E-01
1.8771E-01
1.1041E-01
1.4113E-01
1.2187E-01
1.0174E-01
7.8046E-02
6.8121E-02
6.3082E-02
5.7730E-02
3.6206E-02
4.0627E-02
5.8691E-02
5.8830E-02
5.9908E-02
6.1519E-02
1.0907E-02
2.0040E-03
2.3242E-02
3.7120E-02
4.9588E-02
2.1078E-02
3.5447E-02
4.5935E-02
4.7510E-02
4.6546E-02
4.1629E-02
3.0722E-02
3.6329E-02
0.0000E+00
0.0000E+00
0.0000E+00
0.0000E+00
0.0000E+00
0.0000E+00
0.0000E+00
0.0000E+00
0.0000E+00
0.0000E+00
0.0000E+00
0.0000E+00
0.0000E+00
0.0000E+00
0.0000E+00
0.0000E+00
0.0000E+00
0.0000E+00
0.0000E+00
0.0000E+00
0.0000E+00
0.0000E+00
0.0000E+00
0.0000E+00
0.0000E+00
0.0000E+00
0.0000E+00
0.0000E+00
0.0000E+00
0.0000E+00
0.0000E+00
0.0000E+00
0.0000E+00
0.0000E+00
0.0000E+00
0.0000E+00
0.0000E+00
0.0000E+00
0.0000E+00
0.0000E+00
0.0000E+00
0.0000E+00
0.0000E+00
0.0000E+00
0.0000E+00
0.0000E+00
0.0000E+00
0.0000E+00
0.0000E+00
0.0000E+00
0.0000E+00
0.0000E+00
0.0000E+00
0.0000E+00
0.0000E+00
0.0000E+00
0.0000E+00
0.0000E+00
0.0000E+00
0.0000E+00
0.0000E+00
0.0000E+00
0.0000E+00
0.0000E+00
0.0000E+00
0.0000E+00
0.0000E+00
0.0000E+00
0.0000E+00
0.0000E+00
0.0000E+00
0.0000E+00
0.0000E+00
0.0000E+00
0.0000E+00
0.0000E+00
0.0000E+00
0.0000E+00
0.0000E+00
0.0000E+00
0.0000E+00
0.0000E+00
0.0000E+00
0.0000E+00
0.0000E+00
0.0000E+00
0.0000E+00
0.0000E+00
0.0000E+00
0.0000E+00
0.0000E+00
0.0000E+00
0.0000E+00
0.0000E+00
0.0000E+00
0.0000E+00
0.0000E+00
0.0000E+00
0.0000E+00
0.0000E+00
0.0000E+00
0.0000E+00
0.0000E+00
0.0000E+00
0.0000E+00
0.0000E+00
0.0000E+00
0.0000E+00
0.0000E+00
0.0000E+00
0.0000E+00
0.0000E+00
0.0000E+00
0.0000E+00
0.0000E+00
0.0000E+00
0.0000E+00
0.0000E+00
0.0000E+00
0.0000E+00
0.0000E+00
0.0000E+00
0.0000E+00
0.0000E+00
0.0000E+00
0.0000E+00
0.0000E+00
0.0000E+00
0.0000E+00
0.0000E+00
0.0000E+00
0.0000E+00
0.0000E+00
0.0000E+00
0.0000E+00
0.0000E+00
0.0000E+00
0.0000E+00
0.0000E+00
0.0000E+00
0.0000E+00
0.0000E+00
0.0000E+00
0.0000E+00
0.0000E+00
0.0000E+00
0.0000E+00
0.0000E+00
0.0000E+00
0.0000E+00
0.0000E+00
0.0000E+00
0.0000E+00
0.0000E+00
0.0000E+00
0.0000E+00
0.0000E+00
0.0000E+00
0.0000E+00
0.0000E+00
0.0000E+00
0.0000E+00
0.0000E+00
0.0000E+00
0.0000E+00
0.0000E+00
0.0000E+00
0.0000E+00
0.0000E+00
0.0000E+00
0.0000E+00
0.0000E+00
0.0000E+00
0.0000E+00
0.0000E+00
0.0000E+00
0.0000E+00
0.0000E+00
0.0000E+00
0.0000E+00
0.0000E+00
1.4208E-01
1.1271E-01
1.5233E-01
1.2979E-01
1.1520E-01
1.2481E-01
1.4150E-01
1.6786E-01
1.1626E-01
1.0730E-01
1.1403E-01
1.2053E-01
1.8275E-01
1.8201E-01
1.2190E-01
2.6736E-01
3.1465E-01
2.9901E-01
3.0034E-01
2.5430E-01
1.0111E-01
2.3728E-01
4.0398E-01
4.8117E-01
1.5194E-01
1.6658E-01
2.2555E-01
2.6756E-01
2.7084E-01
3.1956E-01
3.3824E-01
4.1380E-01
3.8059E-01
3.4321E-01
3.7063E-01
3.3559E-01
3.6752E-01
1.9953E-01
3.1714E-01
3.6762E-01
3.8951E-01
4.0434E-01
4.9380E-01
5.0266E-01
4.8023E-01
4.1380E-01
4.2917E-01
5.1109E-01
4.9174E-01
5.3625E-01
6.9190E-01
7.5422E-01
6.6795E-01
5.5901E-01
6.6146E-01
7.8428E-01
9.3048E-01
1.1222E+00
9.3878E-01
9.5393E-01
9.3183E-01
4.7293E-01
8.9907E-01
5.7556E-01
7.8084E-01
9.4954E-01
7.6450E-01
4.8563E-01
7.8416E-01
8.8864E-01
8.3568E-01
8.7959E-01
8.6270E-01
9.3037E-01
7.4982E-01
9.7698E-01
9.2366E-01
9.0592E-01
5.5343E-01
9.0523E-01
8.3842E-01
9.5041E-01
7.6232E-01
7.8188E-01
8.9281E-01
1.0833E+00
9.4012E-01
1.1818E+00
4.5414E-01
1.1495E+00
1.0051E+00
1.1007E+00
9.0673E-01
1.0011E+00
8.2516E-01
9.6221E-01
8.8369E-01
1.0498E+00
1.0028E+00
8.0535E-01
9.6721E-01
8.0845E-01
9.2166E-01
9.0536E-01
9.5247E-01
8.3080E-01
8.5420E-01
7.9777E-01
9.7339E-01
9.6884E-01
6.4748E-01
6.4190E-01
8.9169E-01
8.9295E-01
7.1168E-01
7.6816E-01
7.7862E-01
7.8582E-01
7.5418E-01
7.6165E-01
7.7148E-01
8.0977E-01
6.7347E-01
7.3587E-01
6.4769E-01
6.7443E-01
7.1158E-01
7.9606E-01
7.0661E-01
8.1664E-01
5.7798E-01
6.5397E-01
5.2871E-01
6.4542E-01
4.9633E-01
5.2766E-01
6.3112E-01
5.7834E-01
5.9819E-01
4.7384E-01
3.4901E-01
4.6797E-01
3.4364E-01
2.7213E-01
3.5172E-01
3.7430E-01
3.0981E-01
2.8476E-01
2.2671E-01
2.0637E-01
2.4108E-01
2.1818E-01
2.3270E-01
1.8645E-01
2.0935E-01
1.0227E-01
1.5366E-01
2.3167E-01
2.4920E-01
2.2121E-01
1.9770E-01
1.5866E-01
1.2734E-01
1.0331E-01
1.3326E-01
9.8608E-02
9.0856E-02
9.3726E-02
1.3463E-01
4.9810E-02
6.2747E-02
3.5055E-02
6.5212E-02
4.7985E-02
4.4105E-02
4.6660E-02
5.9308E-02
4.9172E-02
6.4304E-02
2.7724E-02
4.8574E-02
5.8601E-02
6.3676E-02
1.7831E-02
0.0000E+00
0.0000E+00
0.0000E+00
0.0000E+00
0.0000E+00
0.0000E+00
0.0000E+00
0.0000E+00
0.0000E+00
0.0000E+00
0.0000E+00
0.0000E+00
0.0000E+00
0.0000E+00
0.0000E+00
0.0000E+00
0.0000E+00
0.0000E+00
0.0000E+00
0.0000E+00
0.0000E+00
0.0000E+00
0.0000E+00
0.0000E+00
0.0000E+00
0.0000E+00
0.0000E+00
0.0000E+00
0.0000E+00
0.0000E+00
0.0000E+00
0.0000E+00
0.0000E+00
0.0000E+00
0.0000E+00
0.0000E+00
0.0000E+00
0.0000E+00
0.0000E+00
0.0000E+00
0.0000E+00
0.0000E+00
0.0000E+00
0.0000E+00
0.0000E+00
0.0000E+00
0.0000E+00
0.0000E+00
0.0000E+00
0.0000E+00
0.0000E+00
0.0000E+00
0.0000E+00
0.0000E+00
0.0000E+00
0.0000E+00
0.0000E+00
0.0000E+00
0.0000E+00
0.0000E+00
0.0000E+00
0.0000E+00
0.0000E+00
0.0000E+00
0.0000E+00
0.0000E+00
0.0000E+00
0.0000E+00
0.0000E+00
0.0000E+00
0.0000E+00
0.0000E+00
0.0000E+00
0.0000E+00
0.0000E+00
0.0000E+00
0.0000E+00
0.0000E+00
0.0000E+00
0.0000E+00
0.0000E+00
0.0000E+00
0.0000E+00
0.0000E+00
0.0000E+00
0.0000E+00
0.0000E+00
0.0000E+00
0.0000E+00
0.0000E+00
0.0000E+00
0.0000E+00
0.0000E+00
0.0000E+00
0.0000E+00
0.0000E+00
0.0000E+00
0.0000E+00
0.0000E+00
0.0000E+00
0.0000E+00
0.0000E+00
0.0000E+00
0.0000E+00
0.0000E+00
0.0000E+00
0.0000E+00
0.0000E+00
0.0000E+00
0.0000E+00
0.0000E+00
0.0000E+00
0.0000E+00
0.0000E+00
0.0000E+00
0.0000E+00
0.0000E+00
0.0000E+00
0.0000E+00
0.0000E+00
0.0000E+00
0.0000E+00
0.0000E+00
0.0000E+00
0.0000E+00
0.0000E+00
0.0000E+00
0.0000E+00
0.0000E+00
0.0000E+00
0.0000E+00
0.0000E+00
0.0000E+00
0.0000E+00
0.0000E+00
0.0000E+00
0.0000E+00
0.0000E+00
0.0000E+00
0.0000E+00
0.0000E+00
0.0000E+00
0.0000E+00
0.0000E+00
0.0000E+00
0.0000E+00
0.0000E+00
0.0000E+00
0.0000E+00
0.0000E+00
0.0000E+00
0.0000E+00
0.0000E+00
0.0000E+00
0.0000E+00
0.0000E+00
0.0000E+00
0.0000E+00
0.0000E+00
0.0000E+00
0.0000E+00
0.0000E+00
0.0000E+00
0.0000E+00
0.0000E+00
0.0000E+00
0.0000E+00
0.0000E+00
0.0000E+00
0.0000E+00
0.0000E+00
0.0000E+00
0.0000E+00
0.0000E+00
0.0000E+00
0.0000E+00
0.0000E+00
0.0000E+00
0.0000E+00
0.0000E+00
0.0000E+00
0.0000E+00
4.7522E-02
3.0933E-02
9.9865E-02
1.2786E-01
2.3503E-01
2.3074E-01
1.7944E-01
1.3829E-01
9.9876E-02
1.4346E-01
1.0757E-01
2.1992E-01
1.3576E-01
2.0644E-01
2.3631E-01
1.9874E-01
2.2383E-01
3.8538E-01
1.5176E-01
3.3864E-01
3.2131E-01
4.4157E-01
4.2025E-01
4.2218E-01
3.2606E-01
3.6065E-01
2.8968E-01
2.8389E-01
4.2793E-01
4.0881E-01
5.2937E-01
6.3789E-01
3.9698E-01
5.5373E-01
4.4600E-01
6.5269E-01
4.7896E-01
4.8662E-01
7.6574E-01
7.1326E-01
6.3148E-01
6.5399E-01
8.4556E-01
7.8561E-01
8.9365E-01
7.1419E-01
5.5614E-01
7.2428E-01
9.2191E-01
8.0384E-01
1.0832E+00
5.1022E-01
1.1583E+00
1.0629E+00
9.6034E-01
9.0399E-01
1.1666E+00
1.0664E+00
1.0972E+00
1.1929E+00
4.9022E-01
1.2026E+00
1.0755E+00
1.0736E+00
1.0886E+00
1.2876E+00
1.2173E+00
1.3352E+00
1.3462E+00
6.9511E-01
1.4352E+00
8.2502E-01
1.3289E+00
1.2558E+00
1.5087E+00
1.3800E+00
8.5876E-01
1.3378E+00
1.2777E+00
1.3350E+00
1.4765E+00
1.1729E+00
1.5000E+00
1.0754E+00
1.1382E+00
1.4550E+00
1.3002E+00
1.1012E+00
1.4682E+00
1.3192E+00
1.3755E+00
1.2127E+00
1.3811E+00
1.2900E+00
1.4395E+00
1.4551E+00
1.3886E+00
1.2940E+00
1.2457E+00
1.3422E+00
1.4057E+00
1.2483E+00
1.2579E+00
1.2531E+00
1.4321E+00
1.2309E+00
1.5123E+00
7.2305E-01
1.0943E+00
1.0919E+00
1.1895E+00
1.2560E+00
1.0731E+00
8.5965E-01
1.1173E+00
9.8578E-01
1.1637E+00
1.0897E+00
1.0727E+00
1.1543E+00
7.3584E-01
1.0290E+00
9.4872E-01
9.8084E-01
8.1770E-01
7.2240E-01
7.6551E-01
7.0151E-01
9.6911E-01
9.8977E-01
6.7846E-01
8.8423E-01
7.0032E-01
8.1399E-01
7.7205E-01
7.2200E-01
7.8017E-01
6.1767E-01
5.8356E-01
5.0408E-01
5.7539E-01
6.6915E-01
5.8375E-01
5.5435E-01
6.4215E-01
5.3926E-01
5.0839E-01
4.8069E-01
4.9890E-01
6.6632E-01
3.0155E-01
4.2136E-01
3.7956E-01
4.2726E-01
4.5834E-01
3.4093E-01
3.5608E-01
3.8450E-01
3.0590E-01
3.7336E-01
2.9264E-01
3.1803E-01
2.6076E-01
2.6636E-01
2.4037E-01
1.4963E-01
1.5835E-01
1.6655E-01
1.6499E-01
1.1672E-01
1.9232E-01
9.4449E-02
1.1221E-01
1.0293E-01
9.3334E-02
8.2343E-02
4.7994E-02
6.2746E-02
5.7280E-02
1.0614E-01
8.0168E-02
8.7949E-02
5.2050E-02
6.9105E-02
0.0000E+00
0.0000E+00
0.0000E+00
0.0000E+00
0.0000E+00
0.0000E+00
0.0000E+00
0.0000E+00
0.0000E+00
0.0000E+00
0.0000E+00
0.0000E+00
0.0000E+00
0.0000E+00
0.0000E+00
0.0000E+00
0.0000E+00
0.0000E+00
0.0000E+00
0.0000E+00
0.0000E+00
0.0000E+00
0.0000E+00
0.0000E+00
0.0000E+00
0.0000E+00
0.0000E+00
0.0000E+00
0.0000E+00
0.0000E+00
0.0000E+00
0.0000E+00
0.0000E+00
0.0000E+00
0.0000E+00
0.0000E+00
0.0000E+00
0.0000E+00
0.0000E+00
0.0000E+00
0.0000E+00
0.0000E+00
0.0000E+00
0.0000E+00
0.0000E+00
0.0000E+00
0.0000E+00
0.0000E+00
0.0000E+00
0.0000E+00
0.0000E+00
0.0000E+00
0.0000E+00
0.0000E+00
0.0000E+00
0.0000E+00
0.0000E+00
0.0000E+00
0.0000E+00
0.0000E+00
0.0000E+00
0.0000E+00
0.0000E+00
0.0000E+00
0.0000E+00
0.0000E+00
0.0000E+00
0.0000E+00
0.0000E+00
0.0000E+00
0.0000E+00
0.0000E+00
0.0000E+00
0.0000E+00
0.0000E+00
0.0000E+00
0.0000E+00
0.0000E+00
0.0000E+00
0.0000E+00
0.0000E+00
0.0000E+00
0.0000E+00
0.0000E+00
0.0000E+00
0.0000E+00
0.0000E+00
0.0000E+00
0.0000E+00
0.0000E+00
0.0000E+00
0.0000E+00
0.0000E+00
0.0000E+00
0.0000E+00
0.0000E+00
0.0000E+00
0.0000E+00
0.0000E+00
0.0000E+00
0.0000E+00
0.0000E+00
0.0000E+00
0.0000E+00
0.0000E+00
0.0000E+00
0.0000E+00
0.0000E+00
0.0000E+00
0.0000E+00
0.0000E+00
0.0000E+00
0.0000E+00
0.0000E+00
0.0000E+00
0.0000E+00
0.0000E+00
0.0000E+00
0.0000E+00
0.0000E+00
0.0000E+00
0.0000E+00
0.0000E+00
0.0000E+00
0.0000E+00
0.0000E+00
0.0000E+00
0.0000E+00
0.0000E+00
0.0000E+00
0.0000E+00
0.0000E+00
0.0000E+00
0.0000E+00
0.0000E+00
0.0000E+00
0.0000E+00
0.0000E+00
0.0000E+00
0.0000E+00
0.0000E+00
0.0000E+00
0.0000E+00
0.0000E+00
0.0000E+00
0.0000E+00
0.0000E+00
0.0000E+00
0.0000E+00
0.0000E+00
0.0000E+00
0.0000E+00
0.0000E+00
0.0000E+00
0.0000E+00
0.0000E+00
0.0000E+00
0.0000E+00
0.0000E+00
0.0000E+00
0.0000E+00
0.0000E+00
0.0000E+00
0.0000E+00
0.0000E+00
0.0000E+00
0.0000E+00
0.0000E+00
0.0000E+00
0.0000E+00
0.0000E+00
0.0000E+00
0.0000E+00
0.0000E+00
0.0000E+00
0.0000E+00
0.0000E+00
0.0000E+00
0.0000E+00
0.0000E+00
0.0000E+00
3.8360E-02
1.7191E-02
6.6099E-02
7.2571E-02
1.1860E-01
6.2277E-02
9.6642E-02
8.3286E-02
9.5462E-02
1.4482E-01
1.0874E-01
6.4533E-02
9.7676E-02
8.3879E-02
1.5186E-01
1.6332E-01
1.4011E-01
1.3955E-01
1.3258E-01
1.6505E-01
6.8856E-02
2.3936E-01
1.7568E-01
1.9888E-01
2.5019E-01
2.3983E-01
2.2192E-01
3.3080E-01
2.9429E-01
3.3346E-01
2.7963E-01
4.2489E-01
1.4875E-01
2.2996E-01
2.4216E-01
3.0233E-01
3.2364E-01
3.2470E-01
4.4693E-01
2.8189E-01
4.3861E-01
4.5009E-01
5.5081E-01
3.3880E-01
4.2654E-01
5.0144E-01
6.0054E-01
6.9012E-01
5.5426E-01
4.8396E-01
6.1876E-01
5.8580E-01
6.3390E-01
6.7044E-01
7.6530E-01
7.7094E-01
7.7646E-01
6.8492E-01
6.0386E-01
8.5722E-01
9.0307E-01
7.9942E-01
4.8436E-01
8.8054E-01
8.4306E-01
5.7471E-01
8.4070E-01
8.3599E-01
5.3236E-01
6.1918E-01
6.6526E-01
7.8339E-01
8.3648E-01
6.5197E-01
9.9951E-01
9.9287E-01
8.3441E-01
8.5216E-01
9.3308E-01
7.1880E-01
1.1047E+00
9.9402E-01
9.3687E-01
7.9979E-01
6.8598E-01
8.6885E-01
3.5956E-01
5.7911E-01
9.5169E-01
9.8429E-01
8.7296E-01
9.8125E-01
5.0085E-01
8.4335E-01
1.0528E+00
9.9294E-01
9.9984E-01
4.0938E-01
9.6091E-01
9.0905E-01
8.7601E-01
7.3401E-01
8.0376E-01
8.8497E-01
8.8669E-01
8.0290E-01
9.8547E-01
8.4966E-01
7.6145E-01
1.0040E+00
4.8512E-01
9.8672E-01
3.4197E-01
9.3050E-01
8.2721E-01
7.6587E-01
3.3856E-01
8.1923E-01
5.2484E-01
3.4077E-01
8.4482E-01
7.3007E-01
7.5234E-01
7.5439E-01
6.5948E-01
5.1059E-01
3.0772E-01
6.2293E-01
5.5283E-01
4.8559E-01
5.3563E-01
3.3738E-01
4.9343E-01
4.8807E-01
5.1041E-01
4.3812E-01
4.2639E-01
4.0177E-01
4.4729E-01
3.2429E-01
2.9130E-01
3.9085E-01
3.9014E-01
3.5422E-01
4.3911E-01
3.9526E-01
2.7921E-01
2.0335E-01
2.2321E-01
3.4209E-01
3.1529E-01
3.6801E-01
2.8925E-01