20170101
20210930
17.8
17.7
17.6
17.5
17.4
17.3
17.4
17.4
17.2
17.1
16.9
16.8
16.5
16.4
16.3
16.3
16.1
16.1
16.0
15.9
16.3
16.2
15.9
15.8
15.7
15.7
15.8
15.8
15.7
15.6
15.6
15.6
15.6
15.6
15.6
15.5
15.6
15.6
15.7
15.7
15.7
15.7
15.7
15.7
15.7
15.7
15.8
15.7
15.9
15.9
15.8
15.9
16.0
16.0
16.2
16.2
16.2
16.3
16.4
16.5
16.5
16.5
16.5
16.6
16.6
16.7
16.9
17.1
17.1
17.0
16.8
16.9
17.0
17.0
17.3
17.5
17.6
17.6
17.9
18.0
18.0
18.1
18.2
18.3
18.4
18.5
18.6
18.8
18.8
18.9
18.9
19.0
19.2
19.3
19.3
19.6
19.9
20.2
20.5
20.6
20.6
21.1
21.5
21.9
20.9
21.0
21.2
21.1
21.0
22.9
22.9
23.1
23.1
23.3
23.7
24.1
24.3
24.2
24.3
24.8
25.1
24.7
25.1
25.4
25.0
26.8
25.3
25.6
27.0
27.0
27.0
27.0
26.9
27.0
27.1
27.2
27.2
26.9
26.7
26.7
26.6
26.5
26.5
26.6
26.8
27.0
27.1
27.1
27.3
27.3
27.6
27.9
27.9
28.0
28.1
28.2
28.3
28.3
28.3
28.5
28.6
28.7
28.7
28.6
28.8
28.5
27.9
27.9
28.0
27.7
27.6
27.4
27.1
27.3
27.7
28.1
29.5
30.0
29.5
29.5
29.2
28.9
28.7
28.6
28.3
28.0
27.7
27.7
27.8
27.8
27.6
27.7
27.5
27.4
28.8
29.1
28.9
28.7
28.6
28.7
28.6
28.9
29.3
29.2
28.8
28.6
28.3
28.0
28.9
29.8
29.5
29.2
28.9
28.6
28.4
28.0
27.8
27.5
27.2
27.2
27.4
27.3
27.1
27.0
29.5
29.2
28.9
28.7
28.4
28.1
28.0
27.8
27.8
27.7
27.6
27.4
27.5
29.6
29.6
29.2
29.1
29.6
29.3
28.6
28.5
28.3
28.1
27.9
27.7
27.5
27.5
29.0
29.3
29.1
29.7
30.0
29.7
29.9
30.0
29.9
30.0
30.2
29.9
29.8
29.6
29.6
29.6
29.5
29.3
29.1
29.0
28.9
28.7
28.5
28.4
28.6
29.4
29.5
30.5
30.4
30.4
31.0
30.9
30.7
30.9
31.2
31.1
31.1
31.1
31.2
31.1
31.2
31.2
31.2
31.1
31.1
31.0
31.0
30.9
30.6
30.3
30.1
30.0
29.9
29.8
29.5
29.2
29.0
28.8
28.7
28.5
28.4
28.2
28.2
28.0
27.8
27.9
27.9
27.8
27.8
27.9
27.6
27.1
26.9
26.7
26.5
26.5
26.7
26.6
26.5
26.5
26.6
26.8
26.9
26.9
26.6
26.2
25.9
25.6
25.5
25.4
25.4
25.5
25.2
25.1
25.0
24.8
24.5
23.9
23.7
23.5
23.4
23.2
23.0
22.8
22.4
22.2
22.3
22.3
22.1
22.1
22.1
22.0
22.0
21.7
21.6
21.6
21.7
21.6
21.5
21.8
21.7
21.6
21.6
21.7
21.6
21.4
21.3
21.2
21.1
21.1
21.0
21.1
21.0
20.8
20.8
20.7
20.6
20.5
20.6
20.5
20.3
20.2
20.1
19.9
19.8
19.7
19.6
19.6
19.5
19.5
19.5
19.4
19.5
19.4
19.4
19.4
19.4
19.4
19.4
19.4
19.2
19.1
19.2
19.1
19.2
19.1
19.2
19.2
19.2
19.4
19.4
19.6
19.7
19.8
19.9
19.9
20.0
19.9
19.8
20.0
20.0
20.3
20.3
20.1
20.0
20.2
20.0
20.0
20.3
20.2
20.4
20.6
20.7
20.9
21.0
21.4
21.5
21.7
21.9
22.2
22.4
22.5
22.7
22.9
23.3
23.6
23.9
24.4
24.8
25.3
26.2
26.4
26.3
25.6
25.6
26.0
26.2
25.3
26.9
27.0
26.5
26.0
27.3
28.5
28.9
27.1
27.2
26.8
27.0
27.2
27.2
27.4
27.9
28.0
27.6
27.3
27.5
27.9
27.9
28.0
26.9
27.3
27.1
27.2
27.2
28.5
30.9
31.4
31.6
32.5
32.3
32.2
32.0
31.3
31.7
32.2
32.0
31.9
32.1
32.0
32.2
32.0
32.0
32.1
31.8
31.7
31.5
31.5
31.3
31.2
31.0
30.9
30.9
31.4
31.9
32.1
32.8
33.2
33.8
34.0
34.0
22.1
22.1
22.2
22.2
22.2
22.3
22.4
22.9
23.6
23.8
23.5
23.0
23.0
23.0
23.1
23.7
24.1
24.0
23.7
23.6
23.8
24.3
24.4
24.9
24.9
24.6
24.5
24.4
24.1
24.2
24.0
24.1
23.9
23.9
23.8
23.8
23.7
23.7
23.4
23.3
23.0
22.6
22.4
22.2
21.9
21.8
22.3
22.3
22.5
22.4
22.6
22.6
22.7
22.8
22.8
22.6
22.6
22.6
22.6
22.2
22.3
22.6
22.7
22.6
22.7
23.1
23.2
23.0
23.0
23.3
23.3
23.2
23.1
23.0
23.0
23.0
23.4
24.2
24.4
24.4
24.5
24.4
24.3
24.2
24.5
24.6
24.4
24.4
24.4
25.0
25.5
25.3
25.2
25.2
25.3
25.3
25.2
25.0
24.8
24.8
24.7
24.7
24.6
24.5
24.5
24.6
24.4
24.3
24.3
24.2
24.3
24.2
24.2
24.1
24.1
24.1
24.0
24.0
24.0
24.1
24.1
24.1
24.1
24.1
24.1
24.2
24.2
24.2
24.1
24.3
24.2
24.3
24.3
24.3
24.3
24.3
24.2
24.2
24.1
24.2
24.2
24.3
24.4
24.4
24.3
24.2
24.1
24.1
24.0
23.6
23.5
23.6
23.8
23.6
23.2
22.6
22.3
22.1
21.4
23.4
19.3
19.9
19.4
19.4
18.7
18.4
18.9
20.3
20.6
21.0
18.4
19.3
18.7
19.6
19.2
18.9
19.0
19.0
19.0
18.9
18.9
18.9
18.8
18.8
18.7
18.7
18.7
18.7
18.6
18.6
18.6
18.5
18.4
18.3
18.3
18.2
18.0
17.9
17.8
17.7
17.6
17.5
17.4
17.3
17.4
17.4
17.2
17.1
16.9
16.8
16.5
16.4
16.3
16.3
16.1
16.1
16.0
15.9
16.3
16.2
15.9
15.8
15.7
15.7
15.8
15.8
15.7
15.6
15.6
15.6
15.6
15.6
15.6
15.5
15.6
15.6
15.7
15.7
15.7
15.7
15.7
15.7
15.7
15.7
15.8
15.7
15.9
15.9
15.8
15.9
16.0
16.0
16.2
16.2
16.2
16.3
16.4
16.5
16.5
16.5
16.5
16.6
16.6
16.7
16.9
17.1
17.1
17.0
16.8
16.9
17.0
17.0
17.3
17.5
17.6
17.6
17.9
18.0
18.0
18.1
18.2
18.3
18.4
18.5
18.6
18.8
18.8
18.9
18.9
19.0
19.2
19.3
19.3
19.6
19.9
20.2
20.5
20.6
20.6
21.1
21.5
21.9
20.9
21.0
21.2
21.1
21.0
22.9
22.9
23.1
23.1
23.3
23.7
24.1
24.3
24.2
24.3
24.8
25.1
24.7
25.1
25.4
25.0
26.8
25.3
25.6
27.0
27.0
27.0
27.0
26.9
27.0
27.1
27.2
27.2
26.9
26.7
26.7
26.6
26.5
26.5
26.6
26.8
27.0
27.1
27.1
27.3
27.3
27.6
27.9
27.9
28.0
28.1
28.2
28.3
28.3
28.3
28.5
28.6
28.7
28.7
28.6
28.8
28.5
27.9
27.9
28.0
27.7
27.6
27.4
27.1
27.3
27.7
28.1
29.5
30.0
29.5
29.5
29.2
28.9
28.7
28.6
28.3
28.0
27.7
27.7
27.8
27.8
27.6
27.7
27.5
27.4
28.8
29.1
28.9
28.7
28.6
28.7
28.6
28.9
29.3
29.2
28.8
28.6
28.3
28.0
28.9
29.8
29.5
29.2
28.9
28.6
28.4
28.0
27.8
27.5
27.2
27.2
27.4
27.3
27.1
27.0
29.5
29.2
28.9
28.7
28.4
28.1
28.0
27.8
27.8
27.7
27.6
27.4
27.5
29.6
29.6
29.2
29.1
29.6
29.3
28.6
28.5
28.3
28.1
27.9
27.7
27.5
27.5
29.0
29.3
29.1
29.7
30.0
29.7
29.9
30.0
29.9
30.0
30.2
29.9
29.8
29.6
29.6
29.6
29.5
29.3
29.1
29.0
28.9
28.7
28.5
28.4
28.6
29.4
29.5
30.5
30.4
30.4
31.0
30.9
30.7
30.9
31.2
31.1
31.1
31.1
31.2
31.1
31.2
31.2
31.2
31.1
31.1
31.0
31.0
30.9
30.6
30.3
30.1
30.0
29.9
29.8
29.5
29.2
29.0
28.8
28.7
28.5
28.4
28.2
28.2
28.0
27.8
27.9
27.9
27.8
27.8
27.9
27.6
27.1
26.9
26.7
26.5
26.5
26.7
26.6
26.5
26.5
26.6
26.8
26.9
26.9
26.6
26.2
25.9
25.6
25.5
25.4
25.4
25.5
25.2
25.1
25.0
24.8
24.5
23.9
23.7
23.5
23.4
23.2
23.0
22.8
22.4
22.2
22.3
22.3
22.1
22.1
22.1
22.0
22.0
21.7
21.6
21.6
21.7
21.6
21.5
21.8
21.7
21.6
21.6
21.7
21.6
21.4
21.3
21.2
21.1
21.1
21.0
21.1
21.0
20.8
20.8
20.7
20.6
20.5
20.6
20.5
20.3
20.2
20.1
19.9
19.8
19.7
19.6
19.6
19.5
19.5
19.5
19.4
19.5
19.4
19.4
19.4
19.4
19.4
19.4
19.4
19.2
19.1
19.2
19.1
19.2
19.1
19.2
19.2
19.2
19.4
19.4
19.6
19.7
19.8
19.9
19.9
20.0
19.9
19.8
20.0
20.0
20.3
20.3
20.1
20.0
20.2
20.0
20.0
20.3
20.2
20.4
20.6
20.7
20.9
21.0
21.4
21.5
21.7
21.9
22.2
22.4
22.5
22.7
22.9
23.3
23.6
23.9
24.4
24.8
25.3
26.2
26.4
26.3
25.6
25.6
26.0
26.2
25.3
26.9
27.0
26.5
26.0
27.3
28.5
28.9
27.1
27.2
26.8
27.0
27.2
27.2
27.4
27.9
28.0
27.6
27.3
27.5
27.9
27.9
28.0
26.9
27.3
27.1
27.2
27.2
28.5
30.9
31.4
31.6
32.5
32.3
32.2
32.0
31.3
31.7
32.2
32.0
31.9
32.1
32.0
32.2
32.0
32.0
32.1
31.8
31.7
31.5
31.5
31.3
31.2
31.0
30.9
30.9
31.4
31.9
32.1
32.8
33.2
33.8
34.0
34.0
34.2
34.2
33.8
33.4
33.0
32.9
33.4
33.0
32.6
32.3
31.9
31.7
31.4
31.1
30.9
30.6
30.5
30.5
30.4
30.2
30.0
29.7
29.6
29.7
29.5
29.7
29.4
29.4
29.1
29.1
29.0
29.3
29.3
29.3
29.1
29.0
28.7
28.5
28.5
28.3
28.2
28.1
27.8
27.6
27.3
27.2
26.9
26.8
26.7
26.4
26.3
26.3
26.4
26.2
26.2
26.3
26.3
26.3
26.3
26.4
26.3
26.8
28.2
28.5
28.4
28.3
28.2
28.1
28.7
28.9
28.8
28.7
28.5
28.2
29.5
30.4
30.3
30.3
30.1
29.9
29.6
29.6
29.4
29.2
29.2
29.3
29.4
29.3
29.5
30.2
31.6
31.6
31.4
31.3
31.1
30.9
30.7
31.4
32.8
32.3
32.0
32.3
32.3
32.0
32.6
32.7
32.5
32.4
32.2
32.0
31.9
31.7
31.7
31.8
31.8
31.5
31.4
31.4
31.3
31.4
31.3
31.3
31.3
31.3
31.3
31.4
31.3
31.2
31.2
31.2
31.2
31.3
31.3
31.3
31.3
31.2
31.2
31.3
31.3
31.3
31.2
31.3
31.3
31.4
31.4
31.4
31.2
31.0
30.8
30.7
30.4
30.4
30.4
30.5
30.7
30.7
30.7
30.5
30.7
30.7
30.2
29.8
29.5
29.4
29.1
28.7
28.4
28.3
28.3
28.1
27.7
27.6
27.4
27.2
27.1
27.0
26.9
26.8
26.8
27.0
26.8
26.7
26.7
26.6
26.6
26.2
25.8
25.3
24.9
24.5
24.3
23.9
23.7
23.6
23.4
23.1
23.1
22.9
22.7
22.6
22.3
22.1
22.0
21.9
21.7
21.5
21.4
21.3
21.1
21.1
21.0
20.9
20.8
20.7
20.8
20.6
20.4
20.1
19.9
19.8
19.9
19.7
19.7
19.7
19.7
19.7
19.6
19.6
19.5
19.5
19.3
19.2
19.1
19.0
19.2
19.3
19.1
19.2
19.2
19.2
19.2
19.3
19.5
19.5
19.4
19.4
19.4
19.3
19.3
19.2
19.3
19.3
19.4
19.6
19.9
20.2
20.5
20.7
20.5
20.5
20.6
20.5
20.6
20.6
20.7
20.6
20.7
20.9
21.0
21.1
21.2
21.4
21.8
21.9
22.1
22.3
22.6
22.8
22.8
22.7
22.7
22.9
23.0
23.2
23.4
23.6
23.6
23.8
23.9
24.2
24.6
25.3
25.8
26.4
26.8
26.7
25.1
26.3
26.7
27.4
27.6
27.8
27.9
28.1
28.1
28.2
28.6
29.2
28.9
28.3
28.6
28.6
31.6
34.3
34.4
34.3
34.2
34.2
35.7
35.4
35.4
35.4
35.4
35.1
35.0
35.0
34.9
35.0
35.3
35.3
37.6
37.9
36.7
37.0
36.9
38.0
36.3
36.5
38.2
38.8
39.5
40.1
38.2
38.0
37.5
37.6
37.6
37.3
37.0
36.5
36.5
36.3
36.1
36.0
35.7
35.9
35.7
35.8
35.8
35.7
35.4
35.4
35.6
35.6
36.0
36.4
36.7
36.8
36.8
35.3
34.4
34.2
33.9
35.1
35.4
35.6
35.7
36.1
35.8
35.6
35.5
35.6
35.3
35.0
34.7
34.9
35.7
35.5
35.0
34.0
34.2
34.9
34.8
34.4
34.7
35.1
35.3
35.6
34.5
34.7
35.2
34.8
34.6
34.5
35.0
35.6
35.8
36.0
35.9
35.7
35.5
35.2
35.1
35.2
35.4
35.2
35.3
35.5
35.7
35.8
35.9
37.7
39.3
40.0
39.7
35.8
36.3
39.8
41.0
42.9
43.0
44.0
44.0
42.3
38.8
37.7
37.7
36.2
31.3
36.4
36.2
38.5
43.0
40.9
38.4
36.4
38.7
43.0
42.9
42.4
41.9
41.5
41.2
41.5
41.8
41.7
41.9
38.4
38.7
39.2
38.5
39.8
41.2
40.6
40.8
41.3
41.2
41.4
41.6
39.7
40.8
38.9